0.821
0.586
1.21
1.07
1.12
1.08
1.24
1.51
1.12
1.12
1.16
0.754
1.13
1.09
0.840
0.969
1.20
1.15
1.09
0.928
1.46
1.35
1.04
0.861
0.772
1.39
1.16
1.14
1.18
1.01
0.956
1.15
0.771
1.20
0.955
1.05
0.978
0.979
1.41
1.18
0.988
1.10
1.28
0.942
0.975
0.812
1.27
1.15
1.17
1.21
1.17
1.04
0.996
1.00
1.23
0.971
1.28
0.812
1.21
1.14
1.28
1.00
0.947
0.951
0.995
1.39
0.884
1.19
0.970
1.08
1.15
1.20
0.781
1.00
1.01
1.17
1.16
1.14
1.05
1.17
1.25
1.13
1.08
1.27
1.24
1.31
0.795
0.986
0.793
1.23
0.846
1.31
1.12
1.16
1.07
0.820
1.29
1.28
1.24
1.13
1.13
0.997
1.11
1.12
1.16
1.39
0.801
1.33
1.36
1.45
0.884
1.32
1.22
1.35
0.893
1.33
1.35
1.00
1.03
1.15
1.04
1.41
1.22
1.49
2.14
0.960
1.61
1.09
1.43
1.13
1.19
1.34
0.990
1.23
1.25
1.21
1.34
1.53
1.19
1.45
1.58
1.26
1.46
1.06
1.24
1.17
1.10
1.46
1.12
1.44
1.56
0.979
2.04
1.58
1.49
1.37
1.11
1.31
1.33
1.17
1.41
1.33
3.16
1.42
1.47
1.31
1.23
1.43
1.75
1.39
1.32
1.32
1.77
1.05
1.22
1.67
1.54
1.36
1.34
1.27
1.28
1.36
1.25
0.988
1.02
0.995
1.30
1.69
1.14
1.02
1.18
1.13
1.06
1.40
1.18
1.36
1.24
1.57
1.15
1.61
1.07
1.22
1.04
1.35
1.07
1.39
1.13
1.27
1.02
1.07
1.23
1.25
1.22
1.16
1.39
1.22
1.72
1.27
1.36
1.49
1.32
1.24
1.17
1.36
1.54
1.48
1.36
1.39
1.42
1.49
1.20
1.41
1.40
1.35
1.34
1.25
1.34
1.19
0.908
1.22
1.09
1.56
1.27
1.20
1.43
1.27
1.30
1.46
1.50
1.34
1.34
1.53
1.57
1.90
1.56
1.31
1.12
1.37
2.17
1.00
1.22
1.18
1.60
1.56
1.57
1.54
1.32
4.51
1.35
1.03
1.57
1.25
1.68
1.12
1.55
1.53
1.32
1.77
1.43
1.24
1.38
1.53
1.46
1.05
1.12
1.49
1.40
1.25
1.22
1.46
1.64
1.41
1.55
1.58
1.59
1.40
1.59
1.39
2.06
1.32
1.15
1.40
1.09
1.52
1.33
1.15
1.35
1.55
1.39
1.47
1.43
1.45
1.32
2.01
1.56
1.34
1.11
4.05
1.14
0.967
1.48
1.35
1.46
1.45
1.36
1.43
1.19
1.29
1.35
1.34
1.23
2.01
1.86
1.54
1.32
1.49
1.11
1.13
1.72
1.30
1.49
1.35
4.80
1.23
1.33
1.33
1.28
1.01
1.05
2.02
1.45
1.33
1.42
1.54
1.52
1.31
1.70
1.04
2.03
1.39
1.48
1.32
1.70
1.31
1.30
1.69
1.58
1.49
1.56
1.58
1.34
1.26
1.29
1.47
1.34
1.49
1.10
1.52
1.34
1.18
1.25
1.74
1.06
1.55
1.32
1.28
1.83
1.45
1.48
1.36
1.34
1.54
1.36
1.13
1.20
1.65
1.62
1.37
1.09
1.10
1.00
1.81
1.17
2.46
2.24
4.28
1.51
1.16
1.44
0.952
1.30
1.45
1.53
1.13
1.28
1.51
1.12
1.61
1.34
1.62
1.66
1.35
1.12
1.45
1.16
1.63
1.33
1.14
1.60
1.46
1.10
1.14
1.47
1.34
1.50
1.47
1.06
1.79
1.36
1.04
1.28
2.13
1.73
1.14
1.13
1.39
1.41
1.61
1.41
1.66
1.28
1.25
1.39
1.35
1.48
1.09
1.56
1.52
1.34
1.43
1.26
1.40
1.23
1.37
1.33
1.83
1.55
1.75
1.57
1.58
1.32
1.68
1.52
1.56
1.54
1.44
1.56
1.74
1.11
1.28
1.39
1.24
1.48
1.33
1.44
1.28
1.42
1.23
1.73
1.42
1.77
1.20
1.49
1.38
2.34
1.23
1.40
1.47
1.38
1.37
1.92
1.14
1.25
2.84
0.975
1.48
1.61
0.957
0.997
0.983
0.922
1.00
1.19
1.04
1.65
1.05
1.39
1.77
2.10
1.33
1.55
1.36
1.53
1.01
1.62
1.53
1.63
1.77
1.49
1.49
1.62
1.64
1.59
1.38
1.71
2.14
3.14
1.29
1.61
1.59
1.99
1.22
2.19
1.21
1.38
1.71
1.25
1.72
1.96
1.22
1.46
1.17
1.19
1.80
1.66
2.19
1.68
1.49
1.48
4.53
1.61
1.40
1.66
1.99
1.61
1.67
1.56
1.75
4.35
1.81
1.69
1.70
1.66
1.19
1.53
1.46
1.86
1.81
2.29
2.03
2.12
3.92
1.74
1.21
1.29
1.67
1.58
1.32
1.28
1.06
1.34
1.52
1.18
1.58
1.38
1.33
1.69
1.72
1.38
1.17
1.15
4.40
1.42
1.43
1.04
1.22
1.74
1.34
1.72
2.27
1.53
1.86
1.17
1.19
1.24
1.53
1.29
1.90
1.71
1.54
1.50
1.34
1.62
1.38
1.43
1.44
1.42
1.66
1.43
1.08
3.44
1.38
2.15
1.42
1.46
1.61
1.23
1.52
0.958
1.18
0.990
1.60
1.16
1.21
1.83
1.14
1.33
1.20
1.74
1.92
1.27
1.65
1.73
3.38
2.29
1.24
1.41
1.63
1.61
1.10
1.42
1.36
1.60
1.25
1.50
1.14
1.14
1.16
1.28
1.66
1.74
1.27
1.62
1.77
2.16
4.84
1.93
1.45
2.53
1.37
1.51
1.62
2.10
1.29
1.13
2.15
1.67
1.58
1.17
1.40
1.60
1.08
1.60
1.12
3.12
1.45
2.23
1.13
1.68
1.72
1.98
1.11
1.54
1.55
1.68
1.71
1.56
1.36
1.25
1.33
1.52
1.11
1.59
1.71
1.62
1.25
1.38
1.67
1.36
1.19
1.49
1.56
1.17
1.60
1.60
1.95
1.25
1.53
1.34
1.65
1.68
1.20
1.70
1.32
1.14
1.90
1.42
4.94
1.23
1.25
1.41
1.31
1.59
1.93
1.31
1.53
1.93
2.32
2.52
1.43
1.65
2.17
1.90
1.43
1.22
1.59
1.41
1.23
4.16
1.63
1.66
1.45
1.49
0.971
1.36
1.29
1.57
1.63
1.47
1.52
1.99
1.44
1.58
1.43
1.26
1.09
1.48
1.70
1.46
1.63
1.62
2.23
1.40
1.62
1.35
1.71
1.53
1.72
1.17
1.79
1.92
1.74
1.35
1.53
1.22
1.40
1.39
1.38
1.13
1.64
1.56
1.22
1.20
1.63
1.03
1.72
1.08
1.20
0.986
1.65
1.57
1.21
1.57
1.86
1.56
1.53
1.54
1.59
1.46
1.50
1.28
1.60
1.27
1.36
1.43
1.44
1.36
1.02
2.42
2.38
1.17
1.54
1.17
1.74
1.28
1.36
1.20
1.59
1.47
1.08
1.42
1.40
2.01
1.44
1.75
1.60
1.85
1.67
1.15
1.12
1.35
1.06
1.32
1.91
2.51
1.63
1.28
1.12
1.53
1.45
1.37
1.03
1.76
1.04
1.33
1.56
1.05
1.75
1.00
1.33
1.71
1.68
4.48
1.49
1.60
1.75
1.27
2.23
1.21
1.50
1.37
1.66
1.62
1.65
1.49
1.61
1.44
1.71
1.62
1.20
1.67
1.76
1.43
1.32
1.39
1.20
1.35
1.19
1.92
1.54
1.57
1.09
1.91
1.49
