0.770
1.32
1.18
1.03
1.42
1.30
0.678
1.13
1.06
1.17
1.14
1.57
1.08
1.08
1.10
1.12
1.18
0.939
1.23
0.838
4.16
1.10
0.969
0.966
2.15
1.26
1.10
1.07
1.06
0.992
1.21
0.945
1.04
1.05
0.775
0.999
0.982
1.07
0.869
1.21
0.958
0.918
1.11
1.05
0.955
1.29
1.03
1.17
1.22
1.26
0.991
1.00
1.18
1.24
1.15
0.929
1.18
1.21
1.20
1.30
1.08
1.17
1.25
0.953
1.28
1.35
1.32
1.18
1.31
1.15
1.27
1.16
1.33
1.14
0.956
0.922
1.27
1.07
1.10
1.30
1.23
1.07
1.35
1.06
1.18
1.06
1.25
1.18
1.26
1.03
1.12
1.26
1.27
1.32
1.39
1.28
0.975
1.17
1.36
1.06
1.38
1.18
1.18
0.902
1.36
1.02
1.04
1.42
1.29
1.21
1.32
1.27
1.05
1.22
1.01
1.32
0.988
4.25
1.11
1.44
1.55
1.89
1.10
1.16
1.06
0.896
1.04
1.49
1.22
1.31
1.36
6.84
1.11
1.02
1.50
1.27
1.75
1.34
3.38
2.17
1.46
1.27
1.50
1.23
1.22
1.22
1.27
1.34
1.13
1.46
1.42
1.21
1.24
1.45
1.37
1.37
1.47
1.06
1.14
1.18
1.13
1.17
1.28
1.36
1.38
1.45
1.34
1.50
1.07
1.28
1.45
1.06
2.15
1.30
0.956
1.01
1.37
1.46
1.50
1.73
1.30
1.11
1.62
3.54
1.37
1.60
1.29
1.28
1.44
1.55
1.21
1.48
1.47
1.21
1.30
1.10
1.35
1.63
1.72
1.47
1.23
1.37
1.11
1.39
1.55
1.33
1.40
1.50
1.28
1.72
1.43
1.29
1.21
4.31
1.58
1.14
1.25
1.08
1.22
1.43
1.32
1.54
1.48
1.55
1.48
1.29
1.39
1.49
1.57
1.13
1.20
1.36
1.55
1.72
1.03
1.09
1.56
1.30
1.63
1.76
1.32
1.50
1.38
1.40
1.51
1.52
1.22
1.41
1.30
1.20
1.51
1.74
1.05
1.56
1.11
1.84
1.37
1.36
1.34
1.49
1.34
1.01
1.38
1.44
1.51
1.48
1.60
1.45
1.57
1.76
1.42
1.57
1.37
1.36
1.49
1.59
1.28
1.55
1.20
1.06
1.44
1.34
1.35
1.09
1.29
1.44
1.04
1.28
1.34
1.54
1.26
1.34
1.55
1.92
1.33
1.77
1.68
1.11
1.30
1.91
1.55
1.45
1.56
1.31
1.18
1.44
1.31
1.33
1.83
1.36
1.57
1.65
1.50
1.05
1.07
1.48
1.27
1.50
1.48
1.30
1.43
1.49
1.58
1.65
1.41
1.11
1.57
1.35
1.57
1.44
1.02
1.96
1.33
1.29
1.37
2.22
1.61
1.29
2.19
1.54
1.23
1.68
1.49
1.51
1.51
1.29
1.44
1.32
1.39
1.45
2.05
1.38
1.57
1.45
1.21
1.35
1.15
1.53
1.36
1.54
1.73
1.52
1.51
1.42
1.33
1.39
1.05
1.44
1.28
1.15
1.19
1.47
1.42
1.09
1.11
1.49
1.42
1.54
1.24
1.68
1.18
1.46
1.33
1.26
1.16
1.05
1.67
1.72
1.49
1.64
1.46
1.34
1.67
1.67
1.11
1.60
1.36
1.44
1.43
1.56
1.64
1.38
1.68
1.29
1.60
1.36
1.46
1.18
1.37
1.67
1.33
1.58
1.71
1.55
1.54
1.66
1.50
1.25
1.47
1.22
1.50
1.93
1.37
1.39
1.28
1.61
1.06
1.03
3.43
1.61
1.89
1.51
1.37
1.59
1.52
1.46
3.78
1.58
1.03
1.31
1.42
1.34
1.58
1.45
1.58
1.48
1.21
1.64
2.02
1.50
1.50
1.61
1.60
1.53
1.31
1.67
1.23
3.28
1.41
1.22
1.35
1.11
1.25
2.57
1.40
1.65
1.71
1.11
1.99
1.53
1.07
1.63
1.38
1.43
1.68
1.17
1.49
1.19
1.37
1.84
2.04
1.72
1.07
1.03
1.51
0.997
1.50
1.11
0.976
1.66
1.16
1.12
2.08
1.20
0.964
1.03
1.53
1.54
2.03
4.66
1.45
1.43
1.67
1.49
1.53
1.55
1.70
1.21
1.22
1.48
1.33
1.11
1.29
1.67
1.21
1.90
2.03
1.69
1.08
1.14
1.19
1.03
1.53
1.34
1.16
1.79
1.03
4.56
2.07
1.56
1.67
1.49
0.993
1.64
1.49
1.57
1.56
1.41
1.30
1.30
1.17
1.40
1.64
1.55
1.48
1.78
1.14
1.56
1.56
1.68
1.64
1.38
1.38
1.52
1.36
1.56
1.78
2.05
1.28
1.17
1.41
1.10
1.47
6.19
1.27
4.46
1.09
1.60
1.10
1.23
1.23
1.25
1.22
1.72
1.16
1.14
1.47
1.32
1.40
1.60
1.80
1.45
1.32
1.32
1.16
1.56
1.60
1.42
1.58
1.70
1.56
1.40
1.11
1.66
4.28
1.57
1.49
1.52
1.23
1.74
1.06
1.12
1.44
1.63
1.44
1.18
1.14
1.47
1.36
1.12
1.59
1.45
1.51
1.19
1.91
1.38
1.46
1.60
1.31
1.29
1.69
1.83
0.984
1.68
1.58
1.72
1.59
1.69
2.12
1.98
1.36
1.62
1.05
1.13
1.56
1.60
1.26
1.63
1.23
1.67
1.18
1.66
1.37
1.46
1.05
1.07
1.44
1.51
1.31
1.94
1.68
1.69
1.45
1.57
1.40
1.62
1.60
1.27
1.65
1.12
1.51
1.27
1.59
1.59
1.61
1.44
1.98
1.70
1.50
1.56
1.29
1.48
1.79
1.67
1.06
1.29
1.41
1.64
1.19
1.17
1.27
1.12
1.63
1.29
1.55
2.56
1.44
1.55
1.63
1.17
1.66
1.60
1.77
1.52
1.63
1.28
1.57
1.68
1.44
1.65
5.83
1.73
1.16
1.58
1.02
1.18
1.70
3.58
1.68
1.43
1.72
1.13
1.32
1.70
1.54
1.24
1.75
1.53
1.93
1.63
1.74
0.929
1.38
1.81
1.44
1.65
1.59
1.54
1.55
1.17
1.56
1.27
1.44
1.57
1.24
1.77
1.66
1.56
1.69
1.98
1.61
4.35
1.75
1.19
1.63
1.45
1.49
2.00
1.24
1.52
1.57
1.37
1.20
1.72
1.70
1.45
1.15
1.48
1.11
1.35
1.10
1.38
1.56
1.59
1.34
1.48
1.70
1.29
1.69
3.99
1.56
1.10
1.54
1.79
3.12
1.41
1.65
1.59
2.03
1.26
1.46
1.09
1.16
1.24
1.46
1.57
1.47
1.21
1.37
1.16
2.01
1.03
1.26
1.13
1.02
1.34
1.65
1.21
1.71
1.96
1.77
1.71
1.16
1.03
1.09
1.29
1.36
1.39
1.73
1.42
1.53
1.47
1.38
1.56
1.31
1.56
7.11
1.38
1.05
1.40
1.42
1.51
1.13
1.74
1.36
1.10
1.28
1.07
1.13
1.41
1.57
3.47
1.48
1.40
1.34
1.25
1.16
1.64
1.41
1.31
1.43
1.32
1.19
2.00
1.46
1.44
1.09
4.12
1.24
1.57
1.16
1.58
1.04
1.56
1.57
1.04
0.960
1.28
1.13
1.53
1.58
1.51
1.30
1.30
1.28
1.11
0.964
1.48
1.63
1.36
1.42
2.21
1.46
1.58
1.04
1.41
1.63
1.43
1.32
1.38
1.64
1.52
1.18
2.31
1.28
1.96
1.20
1.45
1.80
1.43
1.64
1.45
1.94
1.68
1.26
1.18
1.42
1.54
1.46
1.24
1.77
1.61
1.67
1.40
1.13
2.27
1.19
1.41
1.34
1.44
1.46
1.56
